[Walking Config]
x_offset=0.000000
y_offset=20.000000
z_offset=15.000000
roll_offset=0.000000
pitch_offset=7.000000
yaw_offset=0.000000
hip_pitch_offset=0.000000
period_time=1000.000000
dsp_ratio=0.100000
step_forward_back_ratio=0.200000
foot_height=25.000000
swing_right_left=20.000000
swing_top_down=5.000000
pelvis_offset=5.000000
arm_swing_gain=1.000000
balance_knee_gain=0.300000
balance_ankle_pitch_gain=0.300000
balance_hip_roll_gain=0.300000
balance_ankle_roll_gain=0.300000
p_gain=32
i_gain=0
d_gain=0
pose_knee_gain=0.300000
pose_ankle_pitch_gain=0.900000
pose_hip_roll_gain=0.500000
pose_ankle_roll_gain=1.000000

[Offset]
ID_01=0
ID_02=0
ID_03=0
ID_04=0
ID_05=0
ID_06=0
ID_07=-30
ID_08=0
ID_09=43
ID_10=0
ID_11=0
ID_12=0
ID_13=0
ID_14=0
ID_15=0
ID_16=45
ID_17=50
ID_18=0
ID_19=0
ID_20=0
